3 0.303125 0.7889541015625 0.3015625 0.73425 0.041015625 0.785546875 0.05625 0.832716796875 0.303125 0.7889541015625
3 0.334375 0.8655390625000001 0.3234375 0.82646484375 0.0640625 0.8764794921875 0.078125 0.9139912109375 0.334375 0.8655390625000001
3 0.38125 0.949939453125 0.3640625 0.9014873046874999 0.09375 0.9515625 0.1015625 0.9921396484375 0.38125 0.949939453125
3 0.4734375 0.8936718750000001 0.371875 0.6529755859375 0.3453125 0.663916015625 0.3359375 0.65859375 0.4375 0.9139912109375 0.4734375 0.8936718750000001
3 0.54375 0.8686650390625001 0.4484375 0.61702734375 0.400390625 0.63515625 0.496875 0.87960546875 0.54375 0.8686650390625001
3 0.6078125 0.845220703125 0.509375 0.5998349609375 0.474609375 0.60390625 0.5703125 0.8608505859375001 0.6078125 0.845220703125
3 0.7265625 0.8436572265625 0.5671875 0.571701171875 0.5390625 0.586328125 0.6984375 0.8671015625 0.7265625 0.8436572265625
3 0.8 0.8202128906249999 0.6390625 0.53887890625 0.59765625 0.558984375 0.7734375 0.8420947265625 0.8 0.8202128906249999
3 0.8640625 0.781138671875 0.6921875 0.506056640625 0.6640625 0.519921875 0.834375 0.7983310546875 0.8640625 0.781138671875
3 0.9296875 0.740501953125 0.7578125 0.47010839843749996 0.7265625 0.484765625 0.8875 0.7608203125 0.9296875 0.740501953125
3 0.990625 0.687361328125 0.821875 0.43572363281249993 0.783203125 0.453515625 0.9578125 0.7123681640625 0.990625 0.687361328125
3 0.9990234375 0.5513828125 0.8765625 0.38258203125 0.84375 0.402734375 0.996875 0.6264052734375 0.9990234375 0.5513828125
3 0.0953125 0.4451015625 0.090625 0.32944140625 0.046875 0.328515625 0.0421875 0.47010839843749996 0.0953125 0.4451015625
